37
38
39
40
41
42
43
44
45
46
47
49
51
53
54
61
62
66
67
69
71
72
73
74
75
76
78
97
106
108
109
115
116
119
120
136
137
140
152
155
156
158
160
174
175
179
188
189
197
198
199
200
203
204
206
208
209
212
237
238
240
244
246
247
249
263
266
267
274
275
285
286
287
288
293
295
296
297
299
300
305
322
414
415
416
425
426
461
462
464
477
478
482
493
494
496
497
503
504
513
514
519
521
525
528
529
530
547
549
550
551
552
553
557
568
574
580
581
585
588
591
601
602
603
604
609
618
621
622
623
635
636
641
646
647
648
664
674
675
679
712
718
722
727
728
733
734
735
741
743
745
750
755
756
757
762
769
782
784
785
786
787
825
826
827
836
837
841
842
843
845
850
856
863
865
903
905
906
910
913
922
953
962
963
964
965
968
975
976
986
987
995
996
997
1000
1001
1004
1005
1053
1054
1057
1166
1167
1169
1170
1189
1190
1212
1233
1243
1244
1245
1246
1247
1248
1265
1266
1267
1268
1277
1290
1291
1296
1297
1298
1299
1333
1347
1348
1357
1371
1382
1383
1409
1419
1420
1441
1449
1450
1461
1462
1464
1465
1470
1487
